date,open,high,close,low,volume,price_change,p_change,ma5,ma10,ma20,v_ma5,v_ma10,v_ma20,turnover
2019-01-02,25.19,25.19,24.72,24.64,43646.45,-0.51,-2.02,24.854,24.483,24.625,48440.45,45184.38,54445.63,0.53
2019-01-03,24.71,24.88,24.45,24.3,24220.51,-0.27,-1.09,24.814,24.504,24.58,44826.76,42699.08,50700.21,0.29
2019-01-04,24.1,25.12,24.95,24.03,36672.79,0.5,2.04,24.85,24.636,24.57,46480.47,42472.18,47738.85,0.45
2019-01-07,24.99,25.19,24.66,24.4,56454.03,-0.29,-1.16,24.802,24.703,24.584,48067.24,43532.1,46537.67,0.69
2019-01-08,24.67,24.89,24.72,23.91,69526.57,0.06,0.24,24.7,24.775,24.599,46104.07,47153.65,46829.05,0.84
2019-01-09,24.72,25.21,24.32,24.25,90549.41,-0.4,-1.62,24.62,24.737,24.603,55484.66,51962.56,48734.5,1.1
2019-01-10,24.2,24.35,24.25,23.82,57161.55,-0.07,-0.29,24.58,24.697,24.586,62072.87,53449.81,49367.41,0.69
2019-01-11,24.19,24.42,24.25,23.95,44934.3,0.0,0.0,24.44,24.645,24.541,63725.17,55102.82,48668.0,0.55
2019-01-14,24.3,24.3,23.17,22.88,97484.0,-1.08,-4.45,24.142,24.472,24.437,71931.17,59999.21,50244.06,1.18
2019-01-15,23.15,24.14,24.01,22.98,84783.48,0.84,3.62,24.0,24.35,24.401,74982.55,60543.31,52338.11,1.03
2019-01-16,24.01,24.18,24.01,23.7,56115.44,0.0,0.0,23.938,24.279,24.381,68095.75,61790.21,53487.29,0.68
2019-01-17,24.08,24.16,23.89,23.81,31072.0,-0.12,-0.5,23.866,24.223,24.364,62877.84,62475.36,52587.22,0.38
2019-01-18,24.02,24.46,24.24,23.75,43643.21,0.35,1.47,23.864,24.152,24.394,62619.63,63172.4,52822.29,0.53
2019-01-21,24.27,25.38,24.95,24.27,94978.19,0.71,2.93,24.22,24.181,24.442,62118.46,67024.82,55278.46,1.15
2019-01-22,24.95,25.1,24.79,24.56,53187.15,-0.16,-0.64,24.376,24.188,24.482,55799.2,65390.87,56272.26,0.65
2019-01-23,24.78,24.93,24.57,24.5,28336.11,-0.22,-0.89,24.488,24.213,24.475,50243.33,59169.54,55566.05,0.34
2019-01-24,24.55,24.75,24.57,24.33,26026.73,0.0,0.0,24.624,24.245,24.471,49234.28,56056.06,54752.94,0.32
2019-01-25,24.57,25.09,24.75,24.2,48814.38,0.18,0.73,24.726,24.295,24.47,50268.51,56444.07,55773.44,0.59
2019-01-28,24.95,25.1,24.72,24.6,40631.94,-0.03,-0.12,24.68,24.45,24.461,39399.26,50758.86,55379.03,0.49
2019-01-29,24.58,24.98,24.83,24.44,46841.74,0.11,0.45,24.688,24.532,24.441,38130.18,46964.69,53754.0,0.57
2019-01-30,24.65,24.81,24.33,24.27,35598.89,-0.5,-2.01,24.64,24.564,24.422,39582.74,44913.03,53351.62,0.43
2019-01-31,24.25,24.71,24.44,24.2,52396.11,0.11,0.45,24.614,24.619,24.421,44856.61,47045.45,54760.4,0.64
2019-02-01,24.5,25.4,25.34,24.5,66064.58,0.9,3.68,24.732,24.729,24.441,48306.65,49287.58,56229.99,0.8
2019-02-11,25.34,26.35,26.12,25.07,90362.72,0.78,3.08,25.012,24.846,24.514,58252.81,48826.04,57925.43,1.1
2019-02-12,26.06,26.35,26.14,25.94,42093.96,0.02,0.08,25.274,24.981,24.585,57303.25,47716.72,56553.79,0.51
2019-02-13,26.25,26.6,26.4,26.07,65534.45,0.26,0.99,25.688,25.164,24.689,63290.36,51436.55,55303.05,0.8
2019-02-14,26.47,27.13,26.68,26.45,72143.32,0.28,1.06,26.136,25.375,24.81,67239.81,56048.21,56052.14,0.88
2019-02-15,26.69,26.88,26.3,26.18,45138.55,-0.38,-1.42,26.328,25.53,24.913,63054.6,55680.63,56062.35,0.55
2019-02-18,26.47,27.03,26.84,26.4,71437.8,0.54,2.05,26.472,25.742,25.096,59269.62,58761.21,54760.04,0.87
2019-02-19,26.83,27.0,26.6,26.36,71765.72,-0.24,-0.89,26.564,25.919,25.226,65203.97,61253.61,54109.15,0.87
2019-02-20,26.68,26.97,26.32,26.2,50753.86,-0.28,-1.05,26.548,26.118,25.341,62247.85,62769.11,53841.07,0.62
2019-02-21,26.52,26.7,26.19,26.05,56759.38,-0.13,-0.49,26.45,26.293,25.456,59171.06,63205.43,55125.44,0.69
2019-02-22,26.06,26.59,26.54,25.88,62123.67,0.35,1.34,26.498,26.413,25.571,62568.09,62811.34,56049.46,0.75
2019-02-25,26.0,27.59,27.44,25.95,123150.22,0.9,3.39,26.618,26.545,25.696,72910.57,66090.09,57458.06,1.49
2019-02-26,27.4,27.7,27.07,26.97,101458.1,-0.37,-1.35,26.712,26.638,25.81,78849.05,72026.51,59871.61,1.23
2019-02-27,27.01,27.98,27.3,27.0,98324.41,0.23,0.85,26.908,26.728,25.946,88363.16,75305.5,63371.03,1.19
2019-02-28,27.35,27.71,27.58,27.05,69953.34,0.28,1.03,27.186,26.818,26.097,91001.95,75086.51,65567.36,0.85
2019-03-01,27.75,28.4,28.4,27.38,84399.27,0.82,2.97,27.558,27.028,26.279,95457.07,79012.58,67346.6,1.02
2019-03-04,28.74,29.13,28.4,28.08,149036.45,0.0,0.0,27.75,27.184,26.463,100634.31,86772.44,72766.83,1.81
2019-03-05,28.12,28.37,28.27,27.93,89659.57,-0.13,-0.46,27.99,27.351,26.635,98274.61,88561.83,74907.72,1.09
2019-03-06,28.29,28.29,27.99,27.72,95087.98,-0.28,-0.99,28.128,27.518,26.818,97627.32,92995.24,77882.17,1.15
2019-03-07,27.98,28.42,28.13,27.6,138506.42,0.14,0.5,28.238,27.712,27.003,111337.94,101169.94,82187.69,1.68
2019-03-08,27.5,28.06,27.25,27.2,105226.41,-0.88,-3.13,28.008,27.783,27.098,115503.37,105480.22,84145.78,1.28
2019-03-11,27.2,27.78,27.25,26.75,143262.25,0.0,0.0,27.778,27.764,27.155,114348.53,107491.42,86790.76,1.74
2019-03-12,27.36,27.76,27.53,27.2,144664.44,0.28,1.03,27.63,27.81,27.224,125349.5,111812.05,91919.28,1.76
2019-03-13,27.35,27.48,26.83,26.72,110827.42,-0.7,-2.54,27.398,27.763,27.246,128497.39,113062.36,94183.93,1.34
2019-03-14,26.88,27.36,27.04,26.6,96404.14,0.21,0.78,27.18,27.709,27.264,120076.93,115707.44,95396.97,1.17
2019-03-15,27.05,27.47,27.39,26.86,121815.63,0.35,1.29,27.208,27.608,27.318,123394.78,119449.07,99230.82,1.48
2019-03-18,27.4,28.52,28.47,27.09,192956.98,1.08,3.94,27.452,27.615,27.4,133333.72,123841.12,105306.78,2.34
2019-03-19,28.2,28.95,28.4,28.02,149345.19,-0.07,-0.25,27.626,27.628,27.49,134269.87,129809.69,109185.76,1.81
2019-03-20,28.28,29.31,29.23,28.03,198852.12,0.83,2.92,28.106,27.752,27.635,151874.81,140186.1,116590.67,2.41
2019-03-21,29.19,31.88,30.08,28.67,269251.12,0.85,2.91,28.714,27.947,27.83,186444.21,153260.57,127215.26,3.27
2019-03-22,29.48,31.08,30.3,29.33,208622.52,0.22,0.73,29.296,28.252,28.018,203805.59,163600.18,134540.2,2.53
2019-03-25,28.9,29.8,27.84,27.8,344789.22,-2.46,-8.12,29.17,28.311,28.038,234172.03,183752.88,145622.15,4.18
2019-03-26,28.05,28.39,26.61,26.33,294847.56,-1.23,-4.42,28.812,28.219,28.015,263272.51,198771.19,155291.62,3.58
2019-03-27,26.62,27.73,27.45,26.2,281172.94,0.84,3.16,28.456,28.281,28.022,279736.67,215805.74,164434.05,3.41
2019-03-28,26.81,27.19,26.61,26.48,183714.06,-0.84,-3.06,27.762,28.238,27.974,262629.26,224536.73,170122.08,2.23
2019-03-29,26.7,27.27,27.06,26.33,250873.22,0.45,1.69,27.114,28.205,27.907,271079.4,237442.49,178445.78,3.04
2019-04-01,27.34,28.05,27.85,27.34,231886.41,0.79,2.92,27.116,28.143,27.879,248498.84,241335.44,182588.28,2.81
2019-04-02,28.26,28.36,27.6,27.46,187011.02,-0.25,-0.9,27.314,28.063,27.846,226931.53,245102.02,187455.85,2.27
2019-04-03,27.36,28.43,28.37,27.36,194983.56,0.77,2.79,27.498,27.977,27.865,209693.65,244715.16,192450.63,2.37
2019-04-04,28.6,28.61,28.29,28.02,136755.08,-0.08,-0.28,27.834,27.798,27.873,200301.86,231465.56,192363.06,1.66
2019-04-08,28.31,28.96,28.51,27.81,207980.52,0.22,0.78,28.124,27.619,27.936,191723.32,231401.36,197500.77,2.52
2019-04-09,28.45,28.45,28.33,27.7,156774.09,-0.18,-0.63,28.22,27.668,27.99,176700.85,212599.85,198176.36,1.9
2019-04-10,28.1,29.15,28.88,27.93,193206.59,0.55,1.94,28.476,27.895,28.057,177939.97,202435.75,200603.47,2.34
2019-04-11,28.66,29.04,28.23,28.11,145504.95,-0.65,-2.25,28.448,27.973,28.127,168044.25,188868.95,202337.35,1.77
2019-04-12,28.23,28.9,28.26,28.03,91628.79,0.03,0.11,28.442,28.138,28.188,159018.99,179660.42,202098.58,1.11
2019-04-15,28.47,28.62,27.45,27.34,154354.45,-0.81,-2.87,28.23,28.177,28.191,148293.77,170008.55,203725.52,1.87
2019-04-16,27.45,27.73,27.72,27.1,85384.44,0.27,0.98,28.108,28.164,28.154,134015.84,155358.35,198346.89,1.04
2019-04-17,27.7,28.0,27.67,27.53,91914.84,-0.05,-0.18,27.866,28.171,28.117,113757.49,145848.73,195475.38,1.12
2019-04-18,27.75,28.0,27.72,27.32,103976.87,0.05,0.18,27.764,28.106,28.042,105451.88,136748.06,190731.61,1.26
2019-04-19,27.75,28.81,28.72,27.58,238764.59,1.0,3.61,27.856,28.149,27.974,134879.04,146949.01,189207.29,2.9
2019-04-22,28.85,29.16,28.32,28.1,107522.26,-0.4,-1.39,28.03,28.13,27.875,125512.6,136903.19,184152.27,1.3
2019-04-23,28.24,28.24,27.4,27.38,159493.16,-0.92,-3.25,27.966,28.037,27.853,140334.34,137175.09,174887.47,1.94
2019-04-24,27.48,27.77,27.56,27.33,92934.83,0.16,0.58,27.944,27.905,27.9,140538.34,127147.92,164791.83,1.13
2019-04-25,27.4,28.13,27.01,27.0,141558.39,-0.55,-2.0,27.802,27.783,27.878,148054.65,126753.26,157811.11,1.72
2019-04-26,26.77,27.5,27.11,26.59,94922.57,0.1,0.37,27.48,27.668,27.903,119286.24,127082.64,153371.53,1.15
2019-04-29,27.11,28.06,27.62,26.74,113949.73,0.51,1.88,27.34,27.685,27.931,120571.74,123042.17,146525.36,1.38
2019-04-30,27.55,28.0,27.9,27.42,90393.56,0.28,1.01,27.44,27.703,27.934,106751.82,123543.08,139450.71,1.1
2019-05-06,27.2,27.7,26.38,25.68,131155.34,-1.52,-5.45,27.204,27.574,27.873,114395.92,127467.13,136657.93,1.59
2019-05-07,26.42,27.35,27.35,26.2,106562.07,0.97,3.68,27.272,27.537,27.822,107396.65,127725.65,132236.86,1.29
2019-05-08,26.77,27.68,26.95,26.39,84511.89,-0.4,-1.46,27.24,27.36,27.755,105314.52,112300.38,129624.7,1.03
2019-05-09,26.6,26.75,26.05,26.05,87053.96,-0.9,-3.34,26.926,27.133,27.632,99935.36,110253.55,123578.37,1.06
2019-05-10,26.28,26.78,26.62,25.75,74298.15,0.57,2.19,26.67,27.055,27.546,96716.28,101734.05,119454.57,0.9
2019-05-13,26.57,27.3,27.0,26.27,79062.6,0.38,1.43,26.794,26.999,27.452,86297.73,100346.83,113747.37,0.96
2019-05-14,26.75,26.99,26.57,26.4,65870.56,-0.43,-1.59,26.638,26.955,27.369,78159.43,92778.04,109765.65,0.8
2019-05-15,26.85,27.47,27.26,26.77,97507.3,0.69,2.6,26.7,26.97,27.319,80758.51,93036.52,110059.58,1.18
2019-05-16,27.22,27.85,27.71,27.14,96119.31,0.45,1.65,27.032,26.979,27.332,82571.58,91253.47,107147.82,1.17
2019-05-17,27.7,28.0,27.1,26.96,90953.62,-0.61,-2.2,27.128,26.899,27.301,85902.68,91309.48,107426.28,1.1
2019-05-20,27.02,28.06,27.99,26.49,132568.98,0.89,3.28,27.326,27.06,27.317,96603.95,91450.84,109458.99,1.61
2019-05-21,27.99,28.35,28.06,27.67,97936.1,0.07,0.25,27.624,27.131,27.334,103017.06,90588.25,109156.95,1.19
2019-05-22,28.06,28.26,27.86,27.73,54930.78,-0.2,-0.71,27.744,27.222,27.291,94501.76,87630.14,99965.26,0.67
2019-05-23,27.68,27.83,27.44,27.26,53769.27,-0.42,-1.51,27.69,27.361,27.247,86031.75,84301.67,97277.61,0.65
2019-05-24,27.39,28.02,27.74,27.16,61358.97,0.3,1.09,27.818,27.473,27.264,80112.82,83007.75,92370.9,0.74
2019-05-27,27.7,28.41,28.33,27.57,86424.06,0.59,2.13,27.886,27.606,27.303,70883.84,83743.9,92045.36,1.05
2019-05-28,28.4,28.85,28.37,28.29,106893.31,0.04,0.14,27.948,27.786,27.371,72675.28,87846.17,90312.11,1.3
2019-05-29,28.34,29.0,28.81,28.15,87914.27,0.44,1.55,28.138,27.941,27.456,79271.98,86886.87,89961.69,1.07
2019-05-30,28.68,29.2,28.83,28.35,56346.68,0.02,0.07,28.416,28.053,27.516,79787.46,82909.6,87081.54,0.68
2019-05-31,28.83,29.48,29.28,28.42,120084.08,0.45,1.56,28.724,28.271,27.585,91532.48,85822.65,88566.07,1.46
2019-06-03,29.32,29.85,29.03,29.0,83404.25,-0.25,-0.85,28.864,28.375,27.718,90928.52,80906.18,86178.51,1.01
2019-06-04,28.68,28.99,28.7,28.0,82124.51,0.02,0.07,28.93,28.439,27.785,85974.76,79325.02,84956.63,1.0
2019-06-05,28.94,29.26,28.83,28.45,107760.65,0.13,0.45,28.934,28.536,27.879,89944.03,84608.01,86119.07,1.31
2019-06-06,28.84,29.27,28.9,28.71,75754.18,0.07,0.24,28.948,28.682,28.022,93825.53,86806.5,85554.08,0.92
2019-06-10,29.09,29.76,29.61,28.55,110339.8,0.71,2.46,29.014,28.869,28.171,91876.68,91704.58,87356.16,1.34
2019-06-11,29.84,30.4,30.28,29.72,135645.09,0.67,2.26,29.264,29.064,28.335,102324.85,96626.68,90185.29,1.65
2019-06-12,30.0,30.72,30.33,29.99,82681.68,0.05,0.17,29.59,29.26,28.523,102436.28,94205.52,91025.84,1.0
2019-06-13,30.36,30.42,30.08,29.69,64187.49,-0.25,-0.82,29.84,29.387,28.664,93721.65,91832.84,89359.85,0.78
2019-06-14,30.2,30.94,30.62,30.1,112731.86,0.54,1.79,30.184,29.566,28.81,101117.18,97471.36,90190.48,1.37
2019-06-17,30.62,31.18,30.96,30.31,81946.99,0.34,1.11,30.454,29.734,29.003,95438.62,93657.65,89740.15,0.99
2019-06-18,30.9,31.09,30.89,30.65,36273.7,-0.07,-0.23,30.576,29.92,29.148,75564.34,88944.6,84925.39,0.44
2019-06-19,31.27,31.59,30.76,30.69,71583.36,-0.13,-0.42,30.662,30.126,29.283,73344.68,87890.48,83607.75,0.87
2019-06-20,30.8,31.5,31.06,30.63,93129.4,0.3,0.97,30.858,30.349,29.443,79133.06,86427.36,85517.68,1.13
2019-06-21,30.91,31.4,30.77,30.57,118783.5,-0.29,-0.93,30.888,30.536,29.609,80343.39,90730.29,88768.39,1.44
2019-06-24,30.79,31.68,31.59,30.55,120099.91,0.82,2.67,31.014,30.734,29.802,87973.97,91706.3,91705.44,1.46
2019-06-25,31.4,31.88,31.75,31.0,87883.53,0.16,0.51,31.186,30.881,29.973,98295.94,86930.14,91778.41,1.07
2019-06-26,31.5,32.18,32.0,31.42,71984.11,0.25,0.79,31.434,31.048,30.154,98376.09,85860.39,90032.95,0.87
2019-06-27,31.92,32.25,31.93,31.7,63357.66,-0.07,-0.22,31.608,31.233,30.31,92421.74,85777.4,88805.12,0.77
2019-06-28,32.0,32.13,31.63,31.39,73483.09,-0.3,-0.94,31.78,31.334,30.45,83361.66,81852.53,89661.94,0.89
2019-07-01,31.83,33.0,33.0,31.69,114306.21,1.37,4.33,32.062,31.538,30.636,82202.92,85088.45,89373.05,1.39
2019-07-02,32.9,33.15,32.68,32.37,99446.21,-0.32,-0.97,32.248,31.717,30.819,84515.46,91405.7,90175.15,1.21
2019-07-03,32.53,33.08,32.35,32.07,86852.31,-0.33,-1.01,32.318,31.876,31.001,87489.1,92932.59,90411.54,1.05
2019-07-04,32.43,32.53,30.84,30.78,178334.86,-1.51,-4.67,32.1,31.854,31.102,110484.54,101453.14,93940.25,2.16
2019-07-05,31.07,31.5,31.27,30.55,105711.11,0.43,1.39,32.028,31.904,31.22,116930.14,100145.9,95438.09,1.28
2019-07-08,31.28,31.71,30.59,30.1,94003.07,-0.68,-2.17,31.546,31.804,31.269,112869.51,97536.22,94621.26,1.14
2019-07-09,30.75,31.14,30.63,30.5,84873.0,0.04,0.13,31.136,31.692,31.287,109954.87,97235.16,92082.65,1.03
2019-07-10,30.89,31.23,30.78,30.55,61087.55,0.15,0.49,30.822,31.57,31.309,104801.92,96145.51,91002.95,0.74
2019-07-11,30.85,31.24,30.89,30.66,54659.29,0.11,0.36,30.832,31.466,31.35,80066.8,95275.67,90526.54,0.66
2019-07-12,30.66,31.33,30.9,30.25,72529.69,0.01,0.03,30.758,31.393,31.364,73430.52,95180.33,88516.43,0.88
2019-07-15,30.0,30.2,28.65,28.5,303018.47,-2.25,-7.28,30.37,30.958,31.248,115233.6,114051.56,99570.0,3.68
2019-07-16,28.7,29.2,28.88,28.67,140143.56,0.23,0.8,30.02,30.578,31.148,126287.71,118121.29,104763.49,1.7
2019-07-17,28.88,29.12,28.7,28.51,102347.82,-0.18,-0.62,29.604,30.213,31.045,134539.77,119670.84,106301.72,1.24
2019-07-18,28.65,28.8,28.2,28.11,89960.31,-0.5,-1.74,29.066,29.949,30.902,141599.97,110833.39,106143.26,1.09
2019-07-19,28.28,28.68,28.51,28.2,78089.75,0.31,1.1,28.588,29.673,30.789,142711.98,108071.25,104108.58,0.95
2019-07-22,28.8,28.85,28.51,28.15,78309.9,0.0,0.0,28.56,29.465,30.635,97770.27,106501.93,102019.08,0.95
2019-07-23,28.51,29.4,29.31,28.35,92224.54,0.8,2.81,28.646,29.333,30.513,88186.46,107237.09,102236.13,1.12
2019-07-24,29.41,29.86,29.67,29.4,62813.51,0.36,1.23,28.84,29.222,30.396,80279.6,107409.68,101777.6,0.76
2019-07-25,29.74,29.96,29.89,29.3,65117.25,0.22,0.74,29.178,29.122,30.294,75310.99,108455.48,101865.58,0.79
2019-07-26,29.83,30.15,30.0,29.61,60937.6,0.11,0.37,29.476,29.032,30.213,71880.56,107296.27,101238.3,0.74
2019-07-29,29.85,30.77,30.65,29.7,81523.1,0.65,2.17,29.904,29.232,30.095,72523.2,85146.73,99599.15,0.99
2019-07-30,30.75,31.16,30.7,30.68,59217.65,0.05,0.16,30.182,29.414,29.996,65921.82,77054.14,97587.72,0.72
2019-07-31,30.62,30.98,30.54,30.39,56364.39,-0.16,-0.52,30.356,29.598,29.906,64632.0,72455.8,96063.32,0.68
2019-08-01,30.39,30.46,30.29,30.03,56861.24,-0.25,-0.82,30.436,29.807,29.878,62980.8,69145.89,89989.64,0.69
2019-08-02,29.88,30.28,29.88,29.8,48371.64,-0.41,-1.35,30.412,29.944,29.809,60467.6,66174.08,87122.67,0.59
2019-08-05,29.94,30.36,29.4,29.2,53017.42,-0.48,-1.61,30.162,30.033,29.749,54766.47,63644.83,85073.38,0.64
2019-08-06,29.46,29.66,29.51,28.48,69653.54,0.11,0.37,29.924,30.053,29.693,56853.65,61387.73,84312.41,0.85
2019-08-07,29.69,29.98,29.38,29.32,33177.25,-0.13,-0.44,29.692,30.024,29.623,52216.22,58424.11,82916.9,0.4
2019-08-08,29.38,30.03,29.84,29.27,78504.77,0.46,1.57,29.602,30.019,29.571,56544.92,59762.86,84109.17,0.95
2019-08-09,29.8,29.9,26.9,26.86,290261.03,-2.94,-9.85,29.006,29.709,29.371,104922.8,82695.2,94995.74,3.52
2019-08-12,27.1,27.6,27.2,25.44,238282.38,0.3,1.11,28.566,29.364,29.298,141975.79,98371.13,91758.93,2.89
2019-08-13,26.93,27.52,27.2,26.79,107112.5,0.0,0.0,28.104,29.014,29.214,149467.59,103160.62,90107.38,1.3
2019-08-14,27.47,28.24,27.94,27.26,107259.61,0.74,2.72,27.816,28.754,29.176,164284.06,108250.14,90352.97,1.3
2019-08-15,27.6,27.72,27.46,27.27,70377.89,-0.48,-1.72,27.34,28.471,29.139,162658.68,109601.8,89373.85,0.85
2019-08-16,27.37,27.64,27.25,27.03,79854.95,-0.21,-0.77,27.41,28.208,29.076,120577.47,112750.13,89462.11,0.97
2019-08-19,27.33,27.66,27.56,27.03,127723.33,0.31,1.14,27.482,28.024,29.029,98465.66,120220.73,91932.78,1.55
2019-08-20,27.53,27.93,27.53,27.19,90937.28,-0.03,-0.11,27.548,27.826,28.94,95230.61,122349.1,91868.42,1.1
2019-08-21,27.58,27.75,27.32,27.21,81609.92,-0.21,-0.76,27.424,27.62,28.822,90100.67,127192.37,92808.24,0.99
2019-08-22,27.31,27.63,27.54,27.12,67313.34,0.22,0.81,27.44,27.39,28.705,89487.76,126073.22,92918.04,0.82
2019-08-23,27.6,28.1,28.0,27.35,71985.65,0.46,1.67,27.59,27.5,28.605,87913.9,104245.69,93470.44,0.87
2019-08-26,27.35,28.35,28.19,27.35,90226.57,0.19,0.68,27.716,27.599,28.482,80414.55,89440.1,93905.62,1.09
2019-08-27,28.2,28.83,28.66,28.2,72169.95,0.47,1.67,27.942,27.745,28.38,76661.09,85945.85,94553.23,0.88
2019-08-28,28.45,28.84,28.49,28.27,53676.59,-0.17,-0.59,28.176,27.8,28.277,71074.42,80587.55,94418.84,0.65
2019-08-29,28.46,28.58,28.36,28.26,70271.3,-0.13,-0.46,28.34,27.89,28.181,71666.01,80576.89,95089.35,0.85
2019-08-30,28.17,28.69,28.53,28.17,56618.35,0.17,0.6,28.446,28.018,28.113,68592.55,78253.23,95501.68,0.69
2019-09-02,28.4,29.32,29.21,28.4,78122.5,0.68,2.38,28.65,28.183,28.104,66171.74,73293.15,96756.94,0.95
2019-09-03,29.02,29.44,28.77,28.7,62132.85,-0.44,-1.51,28.672,28.307,28.067,64164.32,70412.7,96380.9,0.75
2019-09-04,28.8,28.8,28.3,27.71,112591.46,-0.47,-1.63,28.634,28.405,28.013,75947.29,73510.86,100351.61,1.37
2019-09-05,28.29,28.91,28.31,28.11,86720.94,0.01,0.04,28.624,28.482,27.936,79237.22,75451.62,100762.42,1.05
2019-09-06,28.5,28.6,28.45,28.12,47784.07,0.14,0.49,28.608,28.527,28.014,77470.36,73031.46,88638.57,0.58
2019-09-09,28.7,28.74,28.35,28.12,70946.67,-0.1,-0.35,28.436,28.543,28.071,76035.2,71103.47,80271.79,0.86
2019-09-10,28.48,29.29,29.26,28.27,120288.1,0.91,3.21,28.534,28.603,28.174,87666.25,75915.28,80930.57,1.46
2019-09-11,29.3,29.36,28.88,28.87,61600.99,-0.38,-1.3,28.65,28.642,28.221,77468.15,76707.72,78647.64,0.75
2019-09-12,28.89,28.95,28.66,28.38,55238.68,-0.22,-0.76,28.72,28.672,28.281,71171.7,75204.46,77890.67,0.67
2019-09-16,28.51,28.99,28.65,28.43,42843.98,-0.01,-0.04,28.76,28.684,28.351,70183.68,73827.02,76040.13,0.52
2019-09-17,28.7,28.7,28.43,28.25,29845.45,-0.22,-0.77,28.776,28.606,28.395,61963.44,68999.32,71146.23,0.36
2019-09-18,28.43,28.65,28.4,28.34,31191.62,-0.03,-0.11,28.604,28.569,28.438,44144.14,65905.2,68158.95,0.38
2019-09-19,28.54,28.54,28.2,28.01,38332.8,-0.2,-0.7,28.468,28.559,28.482,39490.51,58479.33,65995.09,0.47
2019-09-20,28.29,28.37,28.3,28.11,28233.53,0.1,0.35,28.396,28.558,28.52,34089.48,52630.59,64041.1,0.34
2019-09-23,28.1,28.22,27.93,27.64,43078.27,-0.37,-1.31,28.252,28.506,28.517,34136.33,52160.01,62595.73,0.52
2019-09-24,27.92,28.75,28.23,27.84,58048.82,0.3,1.07,28.212,28.494,28.519,39777.01,50870.22,60986.85,0.7
2019-09-25,28.48,28.48,27.89,27.8,36525.47,-0.34,-1.2,28.11,28.357,28.48,40843.78,42493.96,59204.62,0.44
2019-09-26,27.89,28.0,27.3,27.21,58244.06,-0.59,-2.12,27.93,28.199,28.421,44826.03,42158.27,59433.0,0.71
2019-09-27,27.25,27.48,27.43,27.03,36296.94,0.13,0.48,27.756,28.076,28.374,46438.71,40264.09,57734.28,0.44
2019-09-30,27.35,27.5,27.05,27.05,26235.47,-0.38,-1.39,27.58,27.916,28.3,43070.15,38603.24,56215.13,0.32
2019-10-08,27.19,27.65,27.42,27.1,36473.8,0.37,1.37,27.418,27.815,28.211,38755.15,39266.08,54132.7,0.44
2019-10-09,27.43,27.51,27.5,27.1,29585.94,0.08,0.29,27.34,27.725,28.147,37367.24,39105.51,52505.35,0.36
2019-10-10,27.52,27.59,27.39,27.06,31698.06,-0.11,-0.4,27.358,27.644,28.102,32058.04,38442.04,48460.68,0.38
2019-10-11,27.36,27.66,27.53,27.15,49362.06,0.14,0.51,27.378,27.567,28.063,34671.07,40554.89,46592.74,0.6
2019-10-14,27.78,28.3,28.1,27.7,65394.06,0.57,2.07,27.588,27.584,28.045,42502.78,42786.47,47473.24,0.79
2019-10-15,28.1,28.38,27.7,27.66,54450.54,-0.4,-1.42,27.644,27.531,28.013,46098.13,42426.64,46648.43,0.66
2019-10-16,27.71,27.87,27.65,27.5,28523.98,-0.05,-0.18,27.674,27.507,27.932,45885.74,41626.49,42060.23,0.35
2019-10-17,27.55,27.78,27.51,27.48,28819.56,-0.14,-0.51,27.698,27.528,27.864,45310.04,38684.04,40421.15,0.35
2019-10-18,27.55,27.72,27.37,27.25,32397.64,-0.14,-0.51,27.666,27.522,27.799,41917.16,38294.11,39279.1,0.39
2019-10-21,27.3,27.6,27.52,27.07,39994.41,0.15,0.55,27.55,27.569,27.743,36837.23,39670.01,39136.62,0.49
2019-10-22,27.55,27.85,27.82,27.42,36196.6,0.3,1.09,27.574,27.609,27.712,33186.44,39642.29,39454.18,0.44
2019-10-23,28.5,29.6,29.4,28.5,215534.3,1.58,5.68,27.924,27.799,27.762,70588.5,58237.12,48671.32,2.62
2019-10-24,29.24,29.83,29.49,29.24,106790.35,0.09,0.31,28.32,28.009,27.827,86182.66,65746.35,52094.19,1.3
2019-10-25,29.7,30.3,29.74,29.5,96741.22,0.25,0.85,28.794,28.23,27.899,99051.38,70484.27,55519.58,1.17
2019-10-28,29.91,29.97,29.42,29.37,79421.82,-0.32,-1.08,29.174,28.362,27.973,106936.86,71887.04,57336.76,0.96
2019-10-29,29.45,30.11,29.55,29.19,78886.32,0.13,0.44,29.52,28.547,28.039,115474.8,74330.62,58378.63,0.96
2019-10-30,29.55,30.66,30.07,29.46,106649.64,0.52,1.76,29.654,28.789,28.148,93697.87,82143.19,61884.84,1.29
2019-10-31,30.05,30.79,30.24,30.0,64373.47,0.17,0.56,29.804,29.062,28.295,85214.49,85698.58,62191.31,0.78
2019-11-01,30.18,31.05,30.52,30.0,83689.18,0.28,0.93,29.96,29.377,28.45,82604.09,90827.73,64560.92,1.02
2019-11-04,30.65,30.92,30.42,30.2,65472.05,-0.1,-0.33,30.16,29.667,28.618,79814.13,93375.5,66522.75,0.79
2019-11-05,30.49,30.85,30.68,30.13,63248.45,0.26,0.85,30.386,29.953,28.781,76686.56,96080.68,67861.48,0.77
2019-11-06,30.63,30.85,30.27,30.15,51168.24,-0.41,-1.34,30.426,30.04,28.92,65590.28,79644.07,68940.6,0.62
2019-11-07,30.31,30.66,30.5,30.26,39403.49,0.23,0.76,30.478,30.141,29.075,60596.28,72905.39,69325.87,0.48
2019-11-08,30.78,31.08,30.7,30.68,47462.66,0.2,0.66,30.514,30.237,29.234,53350.98,67977.53,69230.9,0.58
2019-11-11,30.56,31.06,30.4,30.31,50502.5,-0.3,-0.98,30.51,30.335,29.349,50357.07,65085.6,68486.32,0.61
2019-11-12,30.42,31.2,31.1,30.28,56086.7,0.7,2.3,30.594,30.49,29.519,48924.72,62805.64,68568.13,0.68
2019-11-13,31.02,31.37,30.9,30.66,52816.45,-0.2,-0.64,30.72,30.573,29.681,49254.36,57422.32,69782.75,0.64
2019-11-14,30.99,31.24,30.95,30.56,45722.75,0.05,0.16,30.81,30.644,29.853,50518.21,55557.25,70627.91,0.55
2019-11-15,30.95,31.28,30.87,30.71,37040.16,-0.08,-0.26,30.844,30.679,30.028,48433.71,50892.35,70860.04,0.45
2019-11-18,30.98,31.36,31.11,30.71,33957.4,0.24,0.78,30.986,30.748,30.208,45124.69,47740.88,70558.19,0.41
2019-11-19,31.1,31.26,30.95,30.75,48621.12,-0.16,-0.51,30.956,30.775,30.364,43631.58,46278.15,71179.41,0.59
2019-11-20,30.81,31.2,30.49,30.37,57005.11,-0.46,-1.49,30.874,30.797,30.419,44469.31,46861.83,63252.95,0.69
2019-11-21,30.6,31.1,30.98,30.5,41826.34,0.49,1.61,30.88,30.845,30.493,43690.03,47104.12,60004.75,0.51
2019-11-22,30.82,31.77,30.91,30.59,94235.66,-0.07,-0.23,30.888,30.866,30.552,55129.13,51781.42,59879.48,1.14
2019-11-25,30.95,31.07,30.83,30.2,51184.87,-0.08,-0.26,30.832,30.909,30.622,58574.62,51849.66,58467.63,0.62
2019-11-26,30.82,31.15,30.27,30.27,78525.94,-0.56,-1.82,30.696,30.826,30.658,64555.58,54093.58,58449.61,0.95
2019-11-27,30.45,31.29,30.95,30.3,62737.48,0.68,2.25,30.788,30.831,30.702,65702.06,55085.68,56254.0,0.76
2019-11-28,31.06,31.06,30.48,30.25,40959.26,-0.47,-1.52,30.688,30.784,30.714,65528.64,54609.33,55083.29,0.5
2019-11-29,30.31,30.62,30.27,29.67,48106.41,-0.21,-0.69,30.56,30.724,30.702,56302.79,55715.96,53304.15,0.58
2019-12-02,30.16,30.49,29.89,29.78,43548.76,-0.38,-1.25,30.372,30.602,30.675,54775.57,56675.1,52207.99,0.53
2019-12-03,29.89,30.0,29.7,29.26,38176.05,-0.19,-0.64,30.258,30.477,30.626,46705.59,55630.59,50954.37,0.46
2019-12-04,29.61,29.87,29.4,29.21,36547.81,-0.3,-1.01,29.948,30.368,30.583,41467.66,53584.86,50223.35,0.44
2019-12-05,29.4,29.69,29.2,29.13,52522.5,-0.2,-0.68,29.692,30.19,30.518,43780.31,54654.47,50879.3,0.64
2019-12-06,29.12,29.34,29.31,28.91,58289.78,0.11,0.38,29.5,30.03,30.448,45816.98,51059.89,51420.65,0.71
2019-12-09,29.31,29.4,28.74,28.68,60812.49,-0.57,-1.95,29.27,29.821,30.365,49269.73,52022.65,51936.15,0.74
2019-12-10,28.74,28.9,28.89,28.46,52771.46,0.15,0.52,29.108,29.683,30.255,52188.81,49447.2,51770.39,0.64
2019-12-11,28.86,29.16,29.15,28.68,68300.52,0.26,0.9,29.058,29.503,30.167,58539.35,50003.5,52544.59,0.83
2019-12-12,29.12,29.28,29.12,28.67,59910.27,-0.03,-0.1,29.042,29.367,30.076,60016.9,51898.61,53253.97,0.73
2019-12-13,29.2,29.77,29.7,29.09,77272.15,0.58,1.99,29.12,29.31,30.017,63813.38,54815.18,55265.57,0.94
2019-12-16,29.76,29.96,29.86,29.36,97685.61,0.16,0.54,29.344,29.307,29.955,71188.0,60228.86,58451.98,1.19
2019-12-17,29.79,30.16,29.86,29.59,60022.91,0.0,0.0,29.538,29.323,29.9,72638.29,62413.55,59022.07,0.73
2019-12-18,29.86,30.31,30.25,29.75,55922.53,0.39,1.31,29.758,29.408,29.888,70162.69,64351.02,58967.94,0.68
2019-12-19,30.34,30.39,29.92,29.76,40575.13,-0.33,-1.09,29.918,29.48,29.835,66295.67,63156.29,58905.38,0.49
2019-12-20,29.98,30.47,30.22,29.96,62370.93,0.3,1.0,30.022,29.571,29.801,63315.42,63564.4,57312.14,0.76
2019-12-23,30.22,30.54,29.8,29.72,32343.91,-0.42,-1.39,30.01,29.677,29.749,50247.08,60717.54,56370.1,0.39
2019-12-24,29.76,30.05,29.9,29.61,30309.03,0.1,0.34,30.018,29.778,29.731,44304.31,58471.3,53959.25,0.37
2019-12-25,29.97,30.12,29.5,29.13,43302.69,-0.4,-1.34,29.868,29.813,29.658,41780.34,55971.52,52987.51,0.53
2019-12-26,29.5,29.55,29.4,29.2,31264.3,-0.1,-0.34,29.764,29.841,29.604,39918.17,53106.92,52502.76,0.38
2019-12-27,29.44,29.87,29.64,29.31,38615.17,0.24,0.82,29.648,29.835,29.573,35167.02,49241.22,52028.2,0.47
2019-12-30,29.66,30.39,30.29,29.31,64996.16,0.65,2.19,29.746,29.878,29.593,41697.47,45972.28,53100.57,0.79
2019-12-31,30.26,30.9,30.67,30.13,64348.15,0.38,1.25,29.9,29.959,29.641,48505.29,46404.8,54409.18,0.78
2020-01-02,30.89,30.97,30.42,30.33,91033.54,-0.25,-0.81,30.084,29.976,29.692,58051.46,49915.9,57133.46,1.1
2020-01-03,30.49,30.57,30.27,30.27,53349.15,-0.15,-0.49,30.258,30.011,29.746,62468.43,51193.3,57174.79,0.65
2020-01-06,30.26,30.4,30.27,30.01,58257.32,0.0,0.0,30.384,30.016,29.794,66396.86,50781.94,57173.17,0.71
2020-01-07,30.19,30.41,30.29,29.97,50894.41,0.02,0.07,30.384,30.065,29.871,63576.51,52636.99,56677.27,0.62
2020-01-08,30.1,30.38,29.83,29.83,42497.99,-0.46,-1.52,30.216,30.058,29.918,59206.48,53855.89,56163.59,0.52
2020-01-09,29.99,30.41,30.38,29.97,49454.56,0.55,1.84,30.208,30.146,29.98,50890.69,54471.08,55221.3,0.6
2020-01-10,30.37,30.8,30.48,30.26,48816.77,0.1,0.33,30.25,30.254,30.048,49984.21,56226.32,54666.62,0.59
2020-01-13,30.5,30.57,30.31,29.71,57427.58,-0.17,-0.56,30.258,30.321,30.078,49818.26,58107.56,53674.39,0.7
2020-01-14,30.31,30.46,30.24,30.2,30648.4,-0.07,-0.23,30.248,30.316,30.097,45769.06,54672.79,50322.53,0.37
2020-01-15,30.22,30.43,29.96,29.91,45295.27,-0.28,-0.93,30.274,30.245,30.102,46328.52,52767.5,49586.15,0.55
2020-01-16,29.95,30.19,29.85,29.6,39398.54,-0.11,-0.37,30.168,30.188,30.082,44317.31,47604.0,48759.95,0.48
2020-01-17,29.85,29.97,29.61,29.48,39633.12,-0.24,-0.8,29.994,30.122,30.067,42480.58,46232.4,48712.85,0.48
2020-01-20,29.5,29.81,29.64,29.42,31683.46,0.03,0.1,29.86,30.059,30.038,37331.76,43575.01,47178.48,0.38
2020-01-21,29.41,29.64,28.97,28.71,74824.94,-0.67,-2.26,29.606,29.927,29.996,46167.07,45968.06,49302.53,0.91
2020-01-22,28.82,29.22,29.17,28.68,39875.41,0.2,0.69,29.448,29.861,29.96,45083.09,45705.81,49780.85,0.48
2020-01-23,29.0,29.06,27.97,27.69,76122.14,-1.2,-4.11,29.072,29.62,29.883,52427.81,48372.56,51421.82,0.92
2020-02-03,25.17,25.81,25.29,25.17,110144.06,-2.68,-9.58,28.208,29.101,29.678,66530.0,54505.29,55365.81,1.34
2020-02-04,25.38,26.88,26.73,25.35,89936.37,1.44,5.69,27.626,28.743,29.532,78180.58,57756.17,57931.87,1.09
2020-02-05,26.97,27.47,27.22,26.41,84936.54,0.49,1.83,27.276,28.441,29.379,80202.9,63184.99,58928.89,1.03
2020-02-06,27.22,28.2,28.04,27.01,51782.22,0.82,3.01,27.05,28.249,29.247,82584.27,63833.68,58300.59,0.63
2020-02-07,27.94,28.8,28.74,27.73,67404.96,0.7,2.5,27.204,28.138,29.163,80840.83,66634.32,57119.16,0.82
2020-02-10,28.6,28.7,28.37,28.21,85476.01,-0.37,-1.29,27.82,28.014,29.068,75907.22,71218.61,58725.5,1.04
2020-02-11,28.37,28.49,27.95,27.8,64007.4,-0.42,-1.48,28.064,27.845,28.952,70721.43,74451.01,59013.01,0.78
2020-02-12,27.8,28.09,27.96,27.76,41985.25,0.01,0.04,28.212,27.744,28.836,62131.17,71167.04,58567.55,0.51
2020-02-13,27.99,27.99,27.39,27.16,90504.38,-0.57,-2.04,28.082,27.566,28.714,69875.6,76229.93,60967.87,1.1
2020-02-14,27.25,27.39,26.97,26.78,89004.91,-0.42,-1.53,27.728,27.466,28.543,74195.59,77518.21,62945.39,1.08
2020-02-17,27.01,27.48,27.45,27.01,101703.08,0.48,1.78,27.544,27.682,28.392,77441.0,76674.11,65589.7,1.23
2020-02-18,27.49,27.82,27.45,27.21,87388.45,0.0,0.0,27.444,27.754,28.249,82117.21,76419.32,67087.75,1.06
2020-02-19,27.61,28.37,28.07,27.45,118555.29,0.62,2.26,27.466,27.839,28.14,97431.22,79781.2,71483.09,1.44
2020-02-20,28.38,29.27,28.92,28.13,149956.38,0.85,3.03,27.772,27.927,28.088,109321.62,89598.61,76716.15,1.82
2020-02-21,28.72,28.81,28.61,28.23,132663.52,-0.31,-1.07,28.1,27.914,28.026,118053.34,96124.47,81379.39,1.61
2020-02-24,28.63,29.76,29.49,28.6,172429.98,0.88,3.08,28.508,28.026,28.02,132198.72,104819.86,88019.24,2.09
2020-02-25,29.0,32.1,30.79,28.9,362950.12,1.3,4.41,29.176,28.31,28.078,187311.06,134714.14,104582.57,4.4
2020-02-26,29.7,30.62,29.5,29.11,216321.41,-1.29,-4.19,29.462,28.464,28.104,206864.28,152147.75,111657.39,2.63
2020-02-27,29.33,30.3,29.88,29.1,124194.82,0.38,1.29,29.654,28.713,28.14,201711.97,155516.8,115873.36,1.51
2020-02-28,29.4,29.8,29.0,28.65,109827.72,-0.88,-2.94,29.732,28.916,28.191,197144.81,157599.08,117558.64,1.33
2020-03-02,29.02,29.82,29.52,29.0,92544.48,0.52,1.79,29.738,29.123,28.403,181167.71,156683.22,116678.66,1.12
2020-03-03,29.84,30.63,30.12,29.39,148561.05,0.6,2.03,29.604,29.39,28.572,138289.9,162800.48,119609.9,1.8
2020-03-04,30.16,31.99,31.98,30.16,274784.94,1.86,6.17,30.1,29.781,28.81,149982.6,178423.44,129102.32,3.33
2020-03-05,32.08,33.0,32.29,32.08,208349.06,0.31,0.97,30.582,30.118,29.023,166813.45,184262.71,136930.66,2.53
2020-03-06,32.0,32.46,31.95,31.72,98038.1,-0.34,-1.05,31.172,30.452,29.183,164455.53,180800.17,138462.32,1.19
2020-03-09,31.9,31.9,31.31,31.19,105608.34,-0.64,-2.0,31.53,30.634,29.33,167068.3,174118.0,139468.93,1.28
2020-03-10,31.05,32.3,32.08,31.05,120474.06,0.77,2.46,31.922,30.763,29.537,161450.9,149870.4,142292.27,1.46
2020-03-11,32.1,33.66,33.13,32.02,183315.91,1.05,3.27,32.152,31.126,29.795,143157.09,146569.85,149358.8,2.22
2020-03-12,33.11,34.07,33.22,32.02,154022.91,0.09,0.27,32.338,31.46,30.087,132291.86,149552.66,152534.73,1.87
2020-03-13,31.78,33.51,33.03,31.7,133659.41,-0.19,-0.57,32.554,31.863,30.39,139416.13,151935.83,154767.45,1.62
2020-03-16,32.2,33.49,31.54,31.5,167072.84,-1.49,-4.51,32.6,32.065,30.594,151709.03,159388.66,158035.94,2.03
2020-03-17,31.66,32.5,31.23,30.82,122031.52,-0.31,-0.98,32.43,32.176,30.783,152020.52,156735.71,159768.09,1.48
2020-03-18,31.5,32.35,30.62,30.61,99202.16,-0.61,-1.95,31.928,32.04,30.911,135197.77,139177.43,158800.44,1.2
2020-03-19,30.6,31.0,30.4,29.45,105542.46,-0.22,-0.72,31.364,31.851,30.985,125501.68,128896.77,156579.74,1.28
2020-03-20,30.8,31.85,31.7,30.41,87436.63,1.3,4.28,31.098,31.826,31.139,116257.12,127836.62,154318.4,1.06
2020-03-23,30.99,31.33,30.41,30.17,87680.2,-1.29,-4.07,30.872,31.736,31.185,100378.59,126043.81,150080.91,1.06
2020-03-24,30.94,31.74,31.62,30.6,63657.75,1.21,3.98,30.95,31.69,31.227,88703.84,120362.18,135116.29,0.77
2020-03-25,32.18,32.22,31.9,31.41,84974.83,0.28,0.89,31.206,31.567,31.347,85858.37,110528.07,128548.96,1.03
2020-03-26,31.76,32.84,32.67,31.6,80914.19,0.77,2.41,31.66,31.512,31.486,80932.72,103217.2,126384.93,0.98
2020-03-27,32.98,33.37,32.12,31.91,77447.68,-0.55,-1.68,31.744,31.421,31.642,78934.93,97596.03,124765.93,0.94
2020-03-30,31.92,32.82,32.48,31.76,72205.39,0.36,1.12,32.158,31.515,31.79,75839.97,88109.28,123748.97,0.88
2020-03-31,32.6,35.48,35.2,32.4,259751.84,2.72,8.37,32.874,31.912,32.044,115058.79,101881.31,129308.51,3.15
2020-04-01,34.8,35.48,35.06,34.31,137397.81,-0.14,-0.4,33.506,32.356,32.198,125543.38,105700.88,122439.15,1.67
2020-04-02,34.96,34.98,34.54,33.89,92552.48,-0.52,-1.48,33.88,32.77,32.311,127871.04,104401.88,116649.33,1.12
2020-04-03,34.39,35.35,34.78,34.25,73082.01,0.24,0.69,34.412,33.078,32.452,126997.91,102966.42,115401.52,0.89
2020-04-07,35.22,36.11,35.69,35.03,112439.85,0.91,2.62,35.054,33.606,32.671,135044.8,105442.38,115743.1,1.36
2020-04-08,35.56,35.58,34.69,34.51,92323.35,-1.0,-2.8,34.952,33.913,32.802,101559.1,108308.94,114335.56,1.12
2020-04-09,35.0,36.55,35.95,34.52,127593.57,1.26,3.63,35.13,34.318,32.943,99598.25,112570.82,111549.44,1.55
2020-04-10,35.86,36.63,35.8,35.05,109761.08,-0.15,-0.42,35.382,34.631,33.072,103039.97,115455.51,109336.35,1.33
2020-04-13,35.96,36.36,36.31,35.44,77283.55,0.51,1.43,35.688,35.05,33.236,103880.28,115439.09,106517.56,0.94
2020-04-14,35.99,36.56,36.25,35.11,104327.03,-0.06,-0.17,35.8,35.427,33.471,102257.72,118651.26,103380.27,1.27
2020-04-15,36.18,36.9,36.62,35.97,70281.61,0.37,1.02,36.186,35.569,33.741,97849.37,99704.23,100792.77,0.85
2020-04-16,36.8,37.42,37.01,35.91,114675.51,0.39,1.06,36.398,35.764,34.06,95265.76,97432.0,101566.44,1.39
2020-04-17,37.29,37.29,36.11,35.99,108804.8,-0.9,-2.43,36.46,35.921,34.346,95074.5,99057.24,101729.56,1.32
2020-04-20,36.48,36.75,36.28,36.01,74959.75,0.17,0.47,36.454,36.071,34.575,94609.74,99245.01,101105.71,0.91
2020-04-21,36.5,36.63,36.4,36.12,61001.11,0.12,0.33,36.484,36.142,34.874,85944.56,94101.14,99771.76,0.74
2020-04-22,36.23,38.14,37.7,36.15,115941.69,1.3,3.57,36.7,36.443,35.178,95076.57,96462.97,102385.96,1.41
2020-04-23,38.61,39.52,37.63,37.47,237239.73,-0.07,-0.19,36.824,36.611,35.465,119589.42,107427.59,109999.2,2.88
2020-04-24,38.38,38.9,38.02,37.76,115640.54,0.39,1.04,37.206,36.833,35.732,120956.56,108015.53,111735.52,1.4
2020-04-27,37.9,39.13,39.0,37.55,108299.25,0.98,2.58,37.75,37.102,36.076,127624.46,111117.1,113278.1,1.31
2020-04-28,39.0,39.45,39.33,38.24,76255.5,0.33,0.85,38.336,37.41,36.419,130675.34,108309.95,113480.6,0.93
2020-04-29,39.18,39.33,38.26,38.01,72536.64,-1.07,-2.72,38.448,37.574,36.572,121994.33,108535.45,104119.84,0.88
2020-04-30,38.0,38.48,37.14,36.82,111151.99,-1.12,-2.93,38.35,37.587,36.676,96776.78,108183.1,102807.55,1.35
2020-05-06,36.86,37.92,37.55,36.25,88488.6,0.41,1.1,38.256,37.731,36.826,91346.4,106151.48,102604.36,1.07
2020-05-07,37.69,38.9,38.46,37.44,70980.59,0.91,2.42,38.148,37.949,37.01,83882.66,105753.56,102499.29,0.86
2020-05-08,38.5,39.28,38.88,38.05,74927.46,0.42,1.09,38.058,38.197,37.17,83617.06,107146.2,100623.67,0.91
2020-05-11,39.0,39.29,38.2,37.8,74907.65,-0.68,-1.75,38.046,38.247,37.345,84091.26,103042.8,99752.88,0.91
2020-05-12,38.4,39.96,39.79,38.38,119321.39,1.59,4.16,38.576,38.463,37.537,85725.14,91250.96,99339.27,1.45
2020-05-13,39.53,40.45,40.28,39.03,99402.97,0.49,1.23,39.122,38.689,37.761,87908.01,89627.2,98821.37,1.21
2020-05-14,40.5,40.6,40.39,39.75,62243.59,0.11,0.27,39.508,38.828,37.965,86160.61,85021.64,98069.37,0.76
2020-05-15,40.2,40.6,40.02,39.15,63069.17,0.03,0.07,39.736,38.897,38.154,83788.95,83703.01,96006.48,0.77
2020-05-18,40.0,42.24,41.48,39.73,98671.81,1.46,3.65,40.392,39.219,38.397,88541.79,86316.52,97425.99,1.2
2020-05-19,41.68,41.73,41.5,40.72,66605.03,0.02,0.05,40.734,39.655,38.621,77998.51,81861.83,95022.46,0.81
2020-05-20,41.2,41.39,40.6,40.4,80346.61,-0.9,-2.17,40.798,39.96,38.846,74187.24,81047.63,93599.55,0.97
2020-05-21,40.89,41.5,40.9,40.29,89728.05,0.3,0.74,40.9,40.204,39.077,79684.13,82922.37,94337.97,1.09
2020-05-22,40.66,41.15,39.72,39.44,84510.34,-1.18,-2.88,40.84,40.288,39.243,83972.37,83880.66,95513.43,1.03
2020-05-25,40.07,41.17,41.02,39.36,81031.4,1.3,3.27,40.748,40.57,39.409,80444.29,84493.04,93767.92,0.98
2020-05-26,40.82,41.93,41.58,40.7,60110.27,0.56,1.36,40.764,40.749,39.606,79145.33,78571.92,84911.44,0.73
2020-05-27,41.4,42.04,41.52,41.04,72287.91,-0.06,-0.14,40.948,40.873,39.781,77533.59,75860.42,82743.81,0.88
2020-05-28,41.43,41.99,41.18,40.84,78018.7,-0.34,-0.82,41.004,40.952,39.89,75191.72,77437.93,81229.78,0.95
2020-05-29,41.29,42.33,42.28,41.11,84632.98,1.1,2.67,41.516,41.178,40.038,75216.25,79594.31,81648.66,1.03
2020-06-01,42.11,42.88,42.03,41.5,115818.99,-0.25,-0.59,41.718,41.233,40.226,82173.77,81309.03,83812.78,1.41
2020-06-02,41.88,41.88,40.25,40.23,127167.17,-1.78,-4.24,41.452,41.108,40.382,95585.15,87365.24,84613.53,1.54
2020-06-03,40.26,40.87,40.58,39.7,81238.18,0.33,0.82,41.264,41.106,40.533,97375.2,87454.4,84251.01,0.99
2020-06-04,40.58,40.88,40.85,39.83,80295.26,0.27,0.67,41.198,41.101,40.653,97830.52,86511.12,84716.75,0.97
2020-06-05,40.9,40.91,39.3,38.58,193795.12,-1.55,-3.79,40.602,41.059,40.674,119662.94,97439.6,90660.13,2.35
2020-06-08,39.58,39.95,39.39,38.96,142084.91,0.09,0.23,40.074,40.896,40.733,124916.13,103544.95,94018.99,1.72
2020-06-09,39.88,43.33,43.33,39.88,239315.2,3.94,10.0,40.69,41.071,40.91,147345.73,121465.44,100018.68,2.9
2020-06-10,43.6,45.3,45.21,43.3,176308.41,1.88,4.34,41.616,41.44,41.157,166359.78,131867.49,103863.96,2.14
2020-06-11,45.0,45.45,45.1,44.44,92605.38,-0.11,-0.24,42.466,41.832,41.392,168821.8,133326.16,105382.04,1.12
2020-06-12,44.18,45.13,45.01,44.17,86695.63,-0.09,-0.2,43.608,42.105,41.642,147401.91,133532.43,106563.37,1.05
2020-06-15,44.8,45.55,44.47,43.99,76582.36,-0.54,-1.2,44.624,42.349,41.791,134301.4,129608.76,105458.9,0.93
2020-06-16,44.8,45.88,45.35,44.55,87680.23,0.88,1.98,45.028,42.859,41.984,103974.4,125660.07,106512.66,1.06
2020-06-17,45.3,45.34,45.0,44.62,54939.16,-0.35,-0.77,44.986,43.301,42.204,79700.55,123030.17,105242.28,0.67
2020-06-18,45.5,45.5,45.01,44.58,67437.29,0.01,0.02,44.968,43.717,42.409,74666.93,121744.37,104127.74,0.82
2020-06-19,45.05,46.8,45.58,45.05,89285.73,0.57,1.27,45.082,44.345,42.702,75184.95,111293.43,104366.51,1.08
2020-06-22,45.52,46.25,45.13,44.88,81709.19,-0.45,-0.99,45.214,44.919,42.908,76210.32,105255.86,104400.4,0.99
2020-06-23,45.33,46.86,46.61,45.05,84131.98,1.48,3.28,45.466,45.247,43.159,75500.67,89737.54,105601.49,1.02
2020-06-24,46.87,46.91,46.3,45.74,57246.58,-0.31,-0.67,45.726,45.356,43.398,75962.15,77831.35,104849.42,0.69
2020-06-29,46.5,47.5,47.45,46.0,81710.92,1.15,2.48,46.214,45.591,43.712,78816.88,76741.91,105034.03,0.99
2020-06-30,47.15,49.82,49.48,47.15,82301.79,2.03,4.28,46.994,46.038,44.072,77420.09,76302.52,104917.47,1.0
2020-07-01,49.49,49.65,48.33,47.68,82424.79,-1.15,-2.32,47.634,46.424,44.387,77563.21,76886.77,103247.76,1.0
2020-07-02,48.52,49.32,48.2,47.74,76147.11,-0.13,-0.27,47.952,46.709,44.784,75966.24,75733.45,100696.76,0.92
2020-07-03,48.14,48.15,47.71,46.4,116781.44,-0.49,-1.02,48.234,46.98,45.141,87873.21,81917.68,102473.92,1.42
2020-07-06,47.2,51.79,50.33,47.2,188149.98,2.62,5.49,48.81,47.512,45.615,109161.02,93988.95,107866.66,2.28
2020-07-07,50.43,51.18,49.92,48.87,149731.38,-0.41,-0.81,48.898,47.946,46.146,122646.94,100033.52,105663.47,1.82
2020-07-08,50.99,54.89,54.65,50.99,173441.28,4.73,9.47,50.162,48.898,46.909,140850.24,109206.73,107231.29,2.1
2020-07-09,54.22,54.8,54.29,53.28,131709.66,-0.36,-0.66,51.38,49.666,47.457,151962.75,113964.49,101851.01,1.6
2020-07-10,53.8,55.85,55.05,53.7,91306.37,0.76,1.4,52.848,50.541,47.949,146867.73,117370.47,97600.91,1.11
2020-07-13,60.56,60.56,60.56,60.27,84392.14,5.51,10.01,54.894,51.852,48.722,126116.17,117638.59,97190.25,1.02
2020-07-14,60.61,66.62,66.46,60.6,228948.66,5.9,9.74,58.202,53.55,49.794,141959.62,132303.28,104302.9,2.78
2020-07-15,65.01,66.39,64.25,63.91,173148.33,-2.21,-3.33,60.122,55.142,50.783,141901.03,141375.64,109131.2,2.1
2020-07-16,64.52,64.94,58.75,58.5,184015.95,-5.5,-8.56,61.014,56.197,51.453,152362.29,152162.52,113947.99,2.23
2020-07-17,58.48,63.45,62.95,58.48,164320.09,4.2,7.15,62.594,57.721,52.351,166965.03,156916.38,119417.03,1.99
2020-07-20,63.2,63.42,61.54,59.6,138212.33,-1.41,-2.24,62.79,58.842,53.177,177729.07,151922.62,122955.79,1.68
2020-07-21,61.9,63.96,63.4,60.38,111959.07,1.86,3.02,62.178,60.19,54.068,154331.15,148145.39,124089.45,1.36
2020-07-22,62.4,64.62,64.19,62.2,99009.23,0.79,1.25,62.166,61.144,55.021,139503.33,140702.18,124954.45,1.2
2020-07-23,63.66,66.15,65.88,63.4,93897.9,1.69,2.63,63.592,62.303,55.985,121479.72,136921.01,125442.75,1.14
2020-07-24,65.3,65.3,61.56,60.5,166559.64,-4.32,-6.56,63.314,62.954,56.748,121927.63,144446.33,130908.4,2.02
2020-07-27,61.62,63.24,63.0,61.05,124009.75,1.44,2.34,63.606,63.198,57.525,119087.12,148408.1,133023.34,1.5
2020-07-28,63.2,67.6,67.4,62.94,163004.44,4.4,6.98,64.406,63.292,58.421,129296.19,141813.67,137058.48,1.98
2020-07-29,67.0,67.7,67.5,65.8,124876.06,0.1,0.15,65.068,63.617,59.38,134469.56,136986.45,139181.04,1.52
2020-07-30,67.5,69.48,66.75,65.99,100259.95,-0.75,-1.11,65.242,64.417,60.307,135741.97,128610.85,140386.68,1.22
2020-07-31,66.5,67.38,65.9,65.04,110277.37,-0.85,-1.27,66.11,64.712,61.217,124485.51,123206.57,140061.48,1.34
2020-08-03,65.9,67.0,66.46,65.1,95739.44,0.56,0.85,66.802,65.204,62.023,118831.45,118959.29,135440.95,1.16
2020-08-04,66.9,69.47,66.91,66.24,109160.4,0.45,0.68,66.704,65.555,62.873,108062.64,118679.42,133412.4,1.32
2020-08-05,66.91,70.38,69.48,66.0,123979.93,2.57,3.84,67.1,66.084,63.614,107883.42,121176.49,130939.34,1.5
2020-08-06,69.45,69.9,68.14,66.78,101371.83,-1.34,-1.93,67.378,66.31,64.307,108105.79,121923.88,129422.44,1.23
2020-08-07,67.28,69.73,67.89,66.59,81996.16,-0.25,-0.37,67.776,66.943,64.949,102449.55,113467.53,128956.93,1.0
2020-08-10,67.2,68.1,67.07,66.23,62685.11,-0.82,-1.21,67.898,67.35,65.274,95838.69,107335.07,127871.58,0.76
2020-08-11,67.5,69.85,68.02,67.5,85619.4,0.95,1.42,68.12,67.412,65.352,91130.49,99596.57,120705.12,1.04
2020-08-12,67.68,68.4,65.49,64.19,114186.51,-2.53,-3.72,67.322,67.211,65.414,89171.8,98527.61,117757.03,1.39
2020-08-13,65.49,66.46,64.53,64.44,76864.2,-0.96,-1.47,66.6,66.989,65.703,84270.28,96188.04,112399.44,0.93
2020-08-14,64.69,66.1,66.0,64.31,75142.55,1.47,2.28,66.222,66.999,65.856,82899.55,92674.55,107940.56,0.91
2020-08-17,66.1,67.35,66.88,65.5,76095.07,0.88,1.33,66.184,67.041,66.123,85581.55,90710.12,104834.7,0.92
2020-08-18,66.9,69.3,68.24,66.3,123050.81,1.36,2.03,66.228,67.174,66.365,93067.83,92099.16,105389.29,1.49
2020-08-19,68.24,70.6,68.12,67.7,126869.44,-0.12,-0.18,66.754,67.038,66.561,95604.41,92388.11,106782.3,1.54
2020-08-20,67.91,68.48,67.35,66.22,78755.93,-0.77,-1.13,67.318,66.959,66.635,95982.76,90126.52,106025.2,0.96
2020-08-21,67.85,71.95,70.1,67.53,134292.45,2.75,4.08,68.138,67.18,67.062,107812.74,95356.15,104411.84,1.63
2020-08-24,70.8,71.02,68.59,68.01,118534.31,-1.51,-2.15,68.48,67.332,67.341,116300.59,100941.07,104138.07,1.44
2020-08-25,68.0,69.86,69.17,68.0,69306.95,0.58,0.85,68.666,67.447,67.43,105551.82,99309.82,99453.19,0.84
2020-08-26,68.9,70.1,69.99,68.21,77700.87,0.82,1.19,69.04,67.897,67.554,95718.1,95661.26,97094.43,0.94
2020-08-27,70.0,71.0,68.81,67.7,108306.84,-1.18,-1.69,69.332,68.325,67.657,101628.28,98805.52,97496.78,1.31
2020-08-28,68.06,69.22,69.02,66.6,134805.66,0.21,0.3,69.116,68.627,67.813,101730.93,104771.83,98723.19,1.64
2020-08-31,69.5,71.78,69.5,68.8,127694.71,0.48,0.69,69.298,68.889,67.965,103563.01,109931.8,100320.96,1.55
2020-09-01,69.8,70.28,69.0,68.3,125734.84,-0.5,-0.72,69.264,68.965,68.07,114848.58,110200.2,101149.68,1.53
2020-09-02,69.09,69.42,66.41,65.18,167527.02,-2.59,-3.75,68.548,68.794,67.916,132813.81,114265.96,103327.03,2.03
2020-09-03,66.15,67.25,65.25,64.68,105953.98,-1.16,-1.75,67.836,68.584,67.772,132343.24,116985.76,103556.14,1.29
2020-09-04,61.8,61.8,60.0,58.85,233756.23,-5.25,-8.05,66.032,67.574,67.377,152133.36,126932.14,111144.14,2.84
2020-09-07,60.12,60.5,57.26,56.78,174111.52,-2.74,-4.57,63.584,66.441,66.887,161416.72,132489.86,116715.46,2.11
2020-09-08,57.3,57.83,56.2,55.05,147257.25,-1.06,-1.85,61.024,65.144,66.296,165721.2,140284.89,119797.36,1.79
2020-09-09,55.11,55.76,54.89,53.5,145707.72,-1.31,-2.33,58.72,63.634,65.766,161357.34,147085.58,121373.42,1.77
2020-09-10,55.5,56.25,54.5,53.62,156324.73,-0.39,-0.71,56.57,62.203,65.264,171431.49,151887.37,125346.44,1.9
2020-09-11,54.05,55.15,54.68,53.49,133556.92,0.18,0.33,55.506,60.769,64.698,151391.63,151762.49,128267.16,1.62
2020-09-14,55.4,57.28,55.46,54.9,187338.39,0.78,1.43,55.146,59.365,64.127,154037.0,157726.86,133829.33,2.27
2020-09-15,55.7,58.2,57.48,55.63,144019.72,2.02,3.64,55.402,58.213,63.589,153389.5,159555.35,134877.77,1.75
2020-09-16,57.0,57.68,57.32,56.65,84647.5,-0.16,-0.28,55.888,57.304,63.049,141177.45,151267.4,132766.68,1.03
2020-09-17,56.99,57.37,56.91,55.3,80701.46,-0.41,-0.71,56.37,56.47,62.527,126052.8,148742.14,132863.95,0.98
2020-09-18,56.79,58.0,57.73,56.3,71401.71,0.82,1.44,56.98,56.243,61.909,113621.76,132506.69,129719.42,0.87
2020-09-21,57.73,58.53,57.8,56.95,54175.85,0.07,0.12,57.448,56.297,61.369,86989.25,120513.13,126501.49,0.66
2020-09-22,57.05,58.38,57.48,56.98,58612.29,-0.32,-0.55,57.448,56.425,60.785,69907.76,111648.63,125966.76,0.71
2020-09-23,57.1,58.17,57.94,56.32,61185.11,0.46,0.8,57.572,56.73,60.182,65215.28,103196.37,125140.97,0.74
2020-09-24,58.29,58.56,57.85,56.81,60897.68,-0.09,-0.15,57.76,57.065,59.634,61254.53,93653.66,122770.51,0.74
2020-09-25,57.78,57.98,57.69,56.92,54850.56,-0.16,-0.28,57.752,57.366,59.068,57944.3,85783.03,118772.76,0.67
2020-09-28,57.65,58.44,56.37,55.9,157263.59,-1.32,-2.29,57.466,57.457,58.411,78561.85,82775.55,120251.2,1.91
2020-09-29,56.98,61.38,60.5,56.98,161535.59,4.13,7.33,58.07,57.759,57.986,99146.51,84527.13,122041.24,1.96
2020-09-30,60.86,61.46,60.99,60.1,88588.19,0.49,0.81,58.68,58.126,57.715,104627.12,84921.2,118094.3,1.07
2020-10-09,63.0,63.2,61.71,61.11,83235.28,0.72,1.18,59.452,58.606,57.538,109094.64,85174.59,116958.36,1.01
2020-10-12,62.0,63.11,62.88,61.79,82634.38,1.17,1.9,60.49,59.121,57.682,114651.41,86297.85,109402.27,1.0
2020-10-13,62.74,63.2,61.95,61.78,88556.25,-0.93,-1.48,61.606,59.536,57.917,100909.94,89735.89,105124.51,1.07
2020-10-14,62.19,62.94,62.22,61.8,70361.95,0.27,0.44,61.95,60.01,58.218,82675.21,90910.86,101279.74,0.85
2020-10-15,62.5,62.76,61.49,61.24,57249.17,-0.73,-1.17,62.05,60.365,58.548,76407.41,90517.26,96856.82,0.69
2020-10-16,61.71,61.88,60.5,60.0,53178.15,-0.99,-1.61,61.808,60.63,58.848,70395.98,89745.31,91699.49,0.65
2020-10-19,60.6,61.17,59.7,59.28,50115.65,-0.8,-1.32,61.172,60.831,59.099,63892.23,89271.82,87527.42,0.61
2020-10-20,59.99,61.1,61.0,58.38,60423.04,1.3,2.18,60.982,61.294,59.376,58265.59,79587.77,81181.66,0.73
2020-10-21,61.0,61.18,60.47,59.36,60128.34,-0.53,-0.87,60.632,61.291,59.525,56218.87,69447.04,76987.09,0.73
2020-10-22,60.01,60.01,59.5,57.88,95329.99,-0.97,-1.6,60.234,61.142,59.634,63835.03,70121.22,77521.21,1.16
2020-10-23,58.2,59.02,55.21,55.21,124779.78,-4.29,-7.21,59.176,60.492,59.549,78155.36,74275.67,79725.13,1.51
2020-10-26,55.21,55.31,53.18,52.68,110577.52,-2.03,-3.68,57.872,59.522,59.322,90247.73,77069.98,81683.92,1.34
2020-10-27,52.65,53.07,52.28,51.8,151243.27,-0.9,-1.69,56.128,58.555,59.046,108411.78,83338.69,86537.29,1.84
2020-10-28,52.98,53.68,53.05,52.2,105513.53,0.77,1.47,54.644,57.638,58.824,117488.82,86853.84,88882.35,1.28
2020-10-29,52.3,54.59,54.25,52.21,97733.93,1.2,2.26,53.594,56.914,58.64,117969.61,90902.32,90709.79,1.19
2020-10-30,54.54,54.54,52.82,52.59,87390.01,-1.43,-2.64,53.116,56.146,58.388,110491.65,94323.51,92034.41,1.06
2020-11-02,53.27,53.96,51.76,51.2,132828.23,-1.06,-2.01,52.832,55.352,58.092,114941.79,102594.76,95933.29,1.61
2020-11-03,52.26,52.28,51.67,50.94,105448.23,-0.09,-0.17,52.71,54.419,57.857,105782.79,107097.28,93342.52,1.28
2020-11-04,52.26,53.24,52.2,51.62,101201.05,0.53,1.03,52.54,53.592,57.442,104920.29,111204.55,90325.8,1.23
2020-11-05,52.9,53.11,52.55,51.8,96203.3,0.35,0.67,52.2,52.897,57.02,104614.16,111291.89,90706.55,1.17
2020-11-06,52.65,52.8,50.29,49.37,211695.69,-2.26,-4.3,51.694,52.405,56.449,129475.3,119983.48,97129.57,2.57
2020-11-09,51.16,51.95,50.8,50.6,139698.44,0.51,1.01,51.502,52.167,55.845,130849.34,122895.57,99982.78,1.7
2020-11-10,51.42,51.59,50.44,49.94,117253.93,-0.36,-0.71,51.256,51.983,55.269,133210.48,119496.63,101417.66,1.42
2020-11-11,50.67,51.5,49.69,49.51,115266.92,-0.75,-1.49,50.754,51.647,54.643,136023.66,120471.97,103662.91,1.4
2020-11-12,49.7,50.26,48.9,48.34,139443.67,-0.79,-1.59,50.024,51.112,54.013,144671.73,124642.95,107772.63,1.69
2020-11-13,49.08,49.2,47.6,46.88,200740.94,-1.3,-2.66,49.486,50.59,53.368,142480.78,135978.04,115150.77,2.44
2020-11-16,47.94,47.94,47.78,46.39,152160.98,0.18,0.38,48.882,50.192,52.772,144973.29,137911.32,120253.04,1.85
2020-11-17,47.88,47.88,47.13,46.38,108950.06,-0.65,-1.36,48.22,49.738,52.079,143312.51,138261.5,122679.39,1.32
2020-11-18,47.46,48.47,48.02,47.15,165509.62,0.89,1.89,47.886,49.32,51.456,153361.05,144692.36,127948.45,2.01
2020-11-19,48.0,48.26,48.2,46.8,107656.21,0.18,0.38,47.746,48.885,50.891,147003.56,145837.65,128564.77,1.31
2020-11-20,48.15,49.27,47.88,47.67,177987.7,-0.32,-0.66,47.802,48.644,50.525,142452.91,142466.85,131225.16,2.16
2020-11-23,48.11,48.99,48.75,47.35,137982.0,0.87,1.82,47.996,48.439,50.303,139617.12,142295.2,132595.39,1.67
2020-11-24,48.74,48.75,48.24,47.63,98398.72,-0.51,-1.05,48.218,48.219,50.101,137506.85,140409.68,129953.16,1.19
2020-11-25,48.26,48.35,45.6,45.5,201324.33,-2.64,-5.47,47.734,47.81,49.729,144669.79,149015.42,134743.7,2.44
2020-11-26,45.6,45.9,45.89,44.26,129941.16,0.29,0.64,47.272,47.509,49.311,149126.78,148065.17,136354.06,1.58
2020-11-27,45.79,46.42,46.19,45.28,76381.44,0.3,0.65,46.934,47.368,48.979,128805.53,135629.22,135803.63,0.93
2020-11-30,46.1,46.45,46.0,45.15,101001.88,-0.19,-0.41,46.384,47.19,48.691,121409.51,130513.31,134212.31,1.23
2020-12-01,45.97,49.92,49.65,45.41,314199.09,3.65,7.93,46.666,47.442,48.59,164569.58,151038.22,144649.86,3.81
2020-12-02,49.65,49.94,47.44,46.92,300242.56,-2.21,-4.45,47.034,47.384,48.352,184353.23,164511.51,154601.93,3.64
2020-12-03,47.6,49.1,48.56,47.41,226336.3,1.12,2.36,47.568,47.42,48.153,203632.25,176379.52,161108.58,2.75
2020-12-04,48.89,50.56,50.52,48.45,246767.98,1.96,4.04,48.434,47.684,48.164,237709.56,183257.55,162862.2,2.99
2020-12-07,50.52,51.61,50.6,49.66,207185.48,0.08,0.16,49.354,47.869,48.154,258946.28,190177.89,166236.55,2.51
2020-12-08,50.58,50.58,50.15,49.5,144547.45,-0.45,-0.89,49.454,48.06,48.14,225015.95,194792.77,167601.22,1.75
2020-12-09,49.98,51.0,48.98,48.91,149397.88,-1.17,-2.33,49.762,48.398,48.104,194847.02,189600.12,169307.77,1.81
2020-12-10,48.44,48.99,48.76,48.05,117308.92,-0.22,-0.45,49.802,48.685,48.097,173041.54,188336.9,168201.04,1.42
2020-12-11,48.79,48.87,47.43,46.0,215769.19,-1.33,-2.73,49.184,48.809,48.089,166841.78,202275.67,168952.45,2.62
2020-12-14,46.65,48.47,48.42,46.25,159579.31,0.99,2.09,48.748,49.051,48.121,157320.55,208133.42,169323.36,1.94
2020-12-15,48.42,48.89,48.0,47.81,121557.5,-0.42,-0.87,48.318,48.886,48.164,152722.56,188869.26,169953.74,1.48
2020-12-16,48.0,49.87,49.44,47.87,215544.0,1.44,3.0,48.41,49.086,48.235,165951.78,180399.4,172455.46,2.62
2020-12-17,49.65,50.79,49.82,49.45,244756.23,0.38,0.77,48.622,49.212,48.316,191441.25,182241.39,179310.46,2.97
2020-12-18,49.96,50.27,49.02,48.41,182912.62,-0.8,-1.61,48.94,49.062,48.373,184869.93,175855.86,179556.7,2.22
2020-12-21,48.82,48.82,48.43,47.3,159622.12,-0.59,-1.2,48.942,48.845,48.357,184878.49,171099.52,180638.71,1.94
2020-12-22,48.43,48.44,46.8,46.61,183602.48,-1.63,-3.37,48.702,48.51,48.285,197287.49,175005.03,184898.9,2.23
2020-12-23,46.77,47.37,47.25,45.88,141329.62,0.45,0.96,48.264,48.337,48.368,182444.61,174198.2,181899.16,1.71
2020-12-24,46.96,47.67,46.54,46.23,87749.2,-0.71,-1.5,47.608,48.115,48.4,151043.21,171242.23,179789.56,1.06
2020-12-25,46.52,46.96,46.41,46.0,83895.66,-0.13,-0.28,47.086,48.013,48.411,131239.82,158054.87,180165.27,1.02
2020-12-28,46.28,47.27,46.88,46.1,94315.13,0.47,1.01,46.776,47.859,48.455,118178.42,151528.46,179830.94,1.14
2020-12-29,47.02,49.67,48.95,47.02,237476.95,2.07,4.42,47.206,47.954,48.42,128953.31,163120.4,175994.83,2.88
2020-12-30,48.96,51.16,50.9,48.96,231357.0,1.95,3.98,47.936,48.1,48.593,146958.79,164701.7,172550.55,2.81
2020-12-31,51.55,51.93,51.07,50.44,185328.03,0.17,0.33,48.842,48.225,48.719,166474.55,158758.88,170500.14,2.25
2021-01-04,51.11,53.6,53.0,50.31,249812.84,1.93,3.78,50.16,48.623,48.843,199657.99,165448.9,170652.38,3.03
2021-01-05,52.89,57.58,57.05,52.52,328629.88,4.05,7.64,52.194,49.485,49.165,246520.94,182349.68,176724.6,3.99
2021-01-06,56.98,58.8,57.72,56.0,252789.81,0.67,1.17,53.948,50.577,49.544,249583.51,189268.41,182136.72,3.07
2021-01-07,57.46,58.42,58.42,56.1,196373.23,0.7,1.21,55.452,51.694,50.016,242586.76,194772.77,184485.49,2.38
2021-01-08,58.43,59.35,56.8,55.79,207759.25,-1.62,-2.77,56.598,52.72,50.418,247073.0,206773.78,189008.0,2.52
2021-01-11,57.5,61.16,59.05,56.81,245086.2,2.25,3.96,57.808,53.984,50.999,246127.67,222892.83,190473.85,2.97
2021-01-12,58.4,60.99,59.6,57.65,176333.53,0.55,0.93,58.318,55.256,51.558,215668.4,231094.67,191311.56,2.14
2021-01-13,62.5,62.96,60.43,59.0,221724.55,0.83,1.39,58.86,56.404,52.179,209455.35,229519.43,196319.92,2.69
2021-01-14,60.22,60.24,57.65,57.3,188519.27,-2.78,-4.6,58.706,57.079,52.59,207884.56,225235.66,194968.68,2.29
2021-01-15,57.77,58.28,56.82,55.06,183046.44,-0.83,-1.44,58.71,57.654,52.94,202942.0,225007.5,191883.19,2.22
2021-01-18,56.89,57.28,56.58,55.29,140854.8,-0.24,-0.42,58.216,58.012,53.318,182095.72,214111.7,189780.3,1.71
2021-01-19,56.48,56.8,55.2,55.01,135222.2,-1.38,-2.44,57.336,57.827,53.656,173873.45,194770.93,188560.3,1.64
2021-01-20,55.21,55.76,54.8,54.27,169433.39,-0.4,-0.72,56.21,57.535,54.056,163415.22,186435.29,187851.85,2.06
2021-01-21,55.23,58.2,57.93,55.03,224146.84,3.13,5.71,56.266,57.486,54.59,170540.73,189212.65,191992.71,2.72
2021-01-22,57.68,59.31,58.94,57.1,208494.27,1.01,1.74,56.69,57.7,55.21,175630.3,189286.15,198029.96,2.53
2021-01-25,59.26,59.9,58.54,57.7,212612.2,-0.4,-0.68,57.082,57.649,55.817,189981.78,186038.75,204465.79,2.58
2021-01-26,58.18,58.44,55.04,55.01,182314.34,-3.5,-5.98,57.05,57.193,56.225,199400.21,186636.83,208865.75,2.21
2021-01-27,54.99,55.36,54.17,52.48,150344.56,-0.87,-1.58,56.924,56.567,56.486,195582.44,179498.83,204509.13,1.82
2021-01-28,53.42,53.88,52.09,52.05,108615.01,-2.08,-3.84,55.756,56.011,56.545,172476.08,171508.41,198372.03,1.32
2021-01-29,52.87,53.29,52.63,51.72,126766.47,0.54,1.04,54.494,55.592,56.623,156130.52,165880.41,195443.95,1.54
2021-02-01,52.58,55.73,55.62,52.4,126388.72,2.99,5.68,53.91,55.496,56.754,138885.82,164433.8,189272.75,1.53
2021-02-02,55.29,58.1,57.79,54.3,176473.09,2.17,3.9,54.46,55.755,56.791,137717.57,168558.89,181664.91,2.14
2021-02-03,58.3,58.36,56.75,56.66,98601.2,-1.04,-1.8,54.976,55.95,56.743,127368.9,161475.67,173955.48,1.2
2021-02-04,56.2,58.1,58.03,55.4,123817.31,1.28,2.26,56.164,55.96,56.723,130409.36,151442.72,170327.68,1.5
2021-02-05,58.13,59.68,58.04,57.26,146393.06,0.01,0.02,57.246,55.87,56.785,134334.68,145232.6,167259.37,1.78
2021-02-08,57.75,60.2,60.02,56.63,148688.94,1.98,3.41,58.126,56.018,56.834,138794.72,138840.27,162439.51,1.8
2021-02-09,59.98,61.27,59.51,59.26,162382.84,-0.51,-0.85,58.47,56.465,56.829,135976.67,136847.12,161741.98,1.97
2021-02-10,59.5,60.16,59.69,58.25,124774.38,0.18,0.3,59.058,57.017,56.792,141211.31,134290.1,156894.47,1.51
2021-02-18,60.0,60.69,57.36,57.18,157361.41,-2.33,-3.9,58.924,57.544,56.778,147920.13,139164.74,155336.57,1.91
2021-02-19,57.0,58.27,57.26,55.16,127277.39,-0.1,-0.17,58.768,58.007,56.8,144096.99,139215.83,152548.12,1.54
2021-02-22,56.75,56.75,54.46,54.3,139986.91,-2.8,-4.89,57.656,57.891,56.694,142356.59,140575.65,152504.73,1.7
2021-02-23,53.85,54.46,53.9,53.23,103516.28,-0.56,-1.03,56.534,57.502,56.629,130583.27,133279.97,150919.43,1.26
2021-02-24,54.2,55.75,55.3,54.1,129416.93,1.4,2.6,55.656,57.357,56.654,131511.78,136361.55,148918.61,1.57
2021-02-25,55.36,56.38,55.65,54.26,81690.8,0.35,0.63,55.314,57.119,56.54,116377.66,132148.89,141795.81,0.99
2021-02-26,54.08,55.47,53.4,53.4,104486.92,-2.25,-4.04,54.542,56.655,56.263,111819.57,127958.28,136595.44,1.27
2021-03-01,53.4,54.73,54.5,52.29,80456.54,1.1,2.06,54.55,56.103,56.061,99913.49,121135.04,129987.66,0.98
2021-03-02,54.8,54.8,54.05,53.45,77813.4,-0.45,-0.83,54.58,55.557,56.011,94772.92,112678.1,124762.61,0.94
2021-03-03,54.06,55.19,55.07,53.5,95028.13,1.02,1.89,54.534,55.095,56.056,87895.16,109703.47,121996.79,1.15
2021-03-04,54.9,54.9,53.01,52.4,75237.61,-2.06,-3.74,54.006,54.66,56.102,86604.52,101491.09,120327.92,0.91
2021-03-05,52.5,53.32,53.01,51.55,57374.85,0.0,0.0,53.928,54.235,56.121,77182.11,94500.84,116858.34,0.7
2021-03-08,53.07,53.75,49.47,49.3,105009.47,-3.54,-6.68,52.922,53.736,55.814,82092.69,91003.09,115789.37,1.27
2021-03-09,49.34,50.35,48.46,47.3,117864.65,-1.01,-2.04,51.804,53.192,55.347,90102.94,92437.93,112858.95,1.43
2021-03-10,49.49,49.99,48.61,47.9,65648.06,0.15,0.31,50.512,52.523,54.94,84226.93,86061.04,111211.29,0.8
2021-03-11,48.6,50.85,50.81,48.28,83569.0,2.2,4.53,50.072,52.039,54.579,85893.21,86248.86,109198.88,1.01
2021-03-12,51.08,52.13,51.78,50.81,59703.26,0.97,1.91,49.826,51.877,54.266,86358.89,81770.5,104864.39,0.72
2021-03-15,51.11,51.7,49.5,49.12,75957.22,-2.28,-4.4,49.832,51.377,53.74,80548.44,81320.57,101227.8,0.92
2021-03-16,49.64,50.86,50.75,49.64,48518.13,1.25,2.52,50.29,51.047,53.302,66679.13,78391.04,95534.57,0.59
2021-03-17,50.9,52.02,51.79,49.9,56523.45,1.04,2.05,50.926,50.719,52.907,64854.21,74540.57,92122.02,0.69
2021-03-18,52.13,52.8,52.1,51.61,44785.81,0.31,0.6,51.184,50.628,52.644,57097.57,71495.39,86493.24,0.54
2021-03-19,51.15,52.55,51.82,51.0,61950.43,-0.28,-0.54,51.192,50.509,52.372,57547.01,71952.95,83226.89,0.75
2021-03-22,52.23,54.02,53.9,51.98,84739.0,2.08,4.01,52.072,50.952,52.344,59303.36,69925.9,80464.5,1.03
2021-03-23,54.19,55.5,54.25,53.9,80146.19,0.35,0.65,52.772,51.531,52.362,65628.98,66154.06,79295.99,0.97
2021-03-24,53.81,54.48,52.3,51.76,58291.34,-1.95,-3.59,52.874,51.9,52.212,65982.55,65418.38,75739.71,0.71
2021-03-25,51.65,53.86,53.05,51.42,44329.22,0.75,1.43,53.064,52.124,52.082,65891.24,61494.41,73871.63,0.54
2021-03-26,52.73,54.87,54.14,52.5,106447.43,1.09,2.06,53.528,52.36,52.119,74790.64,66168.82,73969.66,1.29
2021-03-29,54.96,55.3,54.11,53.92,96331.49,-0.03,-0.06,53.57,52.821,52.099,77109.13,68206.25,74763.41,1.17
2021-03-30,53.82,55.6,55.59,53.67,89229.51,1.48,2.73,53.838,53.305,52.176,78925.8,72277.39,75334.21,1.08
2021-03-31,55.9,56.29,55.24,54.52,72058.83,-0.35,-0.63,54.426,53.65,52.185,81679.3,73830.93,74185.75,0.87
2021-04-01,55.0,55.65,55.31,54.5,45652.57,0.07,0.13,54.878,53.971,52.3,81943.97,73917.6,72706.5,0.55
2021-04-02,60.22,60.84,60.84,57.8,350049.06,5.53,10.0,56.218,54.873,52.691,130664.29,102727.46,87340.21,4.25
2021-04-06,60.8,60.97,60.6,59.12,200229.95,-0.24,-0.39,57.516,55.543,53.248,151443.98,114276.56,92101.23,2.43
2021-04-07,60.5,60.5,58.52,58.0,126973.41,-2.08,-3.43,58.102,55.97,53.751,158992.76,118959.28,92556.67,1.54
2021-04-08,58.52,59.63,58.4,58.01,79571.33,-0.12,-0.2,58.734,56.58,54.24,160495.26,121087.28,93252.83,0.97
2021-04-09,58.45,58.79,57.69,57.5,69024.39,-0.71,-1.22,59.21,57.044,54.584,165169.63,123556.8,92525.6,0.84
2021-04-12,57.7,58.19,56.4,55.91,81816.37,-1.29,-2.24,58.322,57.27,54.815,111523.09,121093.69,93631.26,0.99
2021-04-13,56.91,57.85,56.85,56.44,63878.33,0.45,0.8,57.572,57.544,55.183,84252.77,117848.38,93027.31,0.78
2021-04-14,56.38,57.96,57.6,56.32,71008.5,0.75,1.32,57.388,57.745,55.525,73059.78,116026.27,94151.83,0.86
2021-04-15,57.8,59.03,58.33,56.1,102414.08,0.73,1.27,57.374,58.054,55.852,77628.33,119061.8,96446.36,1.24
2021-04-16,58.5,59.15,58.66,57.81,53369.15,0.33,0.57,57.568,58.389,56.18,74497.29,119833.46,96875.53,0.65
